46
115
30
196
195
47
5
156
124
35
110
188
78
187
2
48
75
182
21
191
9
61
7
176
11
186
79
152
105
130
17
54
76
92
143
135
15
185
80
45
31
158
107
117
149
89
170
157
65
177
151
145
90
148
95
14
28
84
83
10
22
99
63
98
179
173
8
34
52
106
94
155
120
36
163
123
74
88
49
85
50
39
68
87
174
86
181
166
114
43
139
1
53
111
138
189
129
113
109
131
171
178
121
38
101
160
197
60
56
119
161
165
133
70
20
192
41
167
62
140
16
81
164
169
51
118
69
172
27
66
3
103
4
104
175
82
58
144
132
147
6
26
193
25
42
91
168
180
32
116
12
73
199
108
153
102
122
96
162
200
183
77
24
23
150
59
71
100
198
190
137
134
29
112
126
93
184
127
19
13
44
40
18
141
97
72
55
125
154
136
57
33
64
194
37
146
128
142
159
67