2945
9307
5588
1770
5178
6212
5004
352
6913
8956
7768
3064
9941
9577
4925
4970
605
980
9310
3583
8605
5575
4476
389
4328
5747
5675
3784
4692
4461
5285
7151
940
8445
1398
6008
4035
1598
5713
5633
1805
9179
2704
8487
9946
6641
2273
5497
8926
1772
5215
3781
9448
9674
9000
3359
5270
8578
7117
8400
9849
39
4939
8721
8038
6470
7740
6713
3168
8311
5302
5552
3092
365
6853
3955
3103
8550
7591
8149
4126
3837
161
7352
8009
5495
7084
6967
8383
1868
8791
4319
2236
5133
646
2813
7921
123
6508
8083
3269
6041
499
3361
5060
8941
1725
6796
5692
2699
7424
8999
6566
1274
2599
4084
5201
7910
3242
9144
4996
6347
8197
3601
9628
7242
7298
720
1299
11
2611
8595
2851
8874
7677
8502
335
9153
620
1230
8902
9762
1504
9742
1255
5035
3559
1403
8442
1669
492
9978
3797
5989
2508
8560
319
2081
3481
9271
2179
2849
8395
5681
890
6607
6647
38
5307
5995
1871
5470
691
2942
8225
3506
6743
8061
3665
8555
1605
5662
5810
7981
3392
6854
4607
6959
7413
726
1253
7400
7685
3906
6370
2991
9393
212
228
2653
1334
4473
4118
5642
5789
8983
7166
7751
6458
2497
1420
6939
3615
5731
5950
3215
9533
4154
110
1477
8255
7114
2899
2811
2296
8673
579
8245
612
4418
4961
4559
4209
5965
2728
299
640
4653
382
275
4267
6256
191
7317
4519
1644
9165
9317
7686
3661
542
7271
7170
4937
4374
6948
8993
2550
2776
2853
211
9661
7470
7494
3019
2246
6342
7735
4936
7365
3958
987
3246
2076
8863
3406
8049
2113
828
1892
655
1342
3138
7261
8763
2607
5812
461
6138
8075
6109
7613
2850
9808
5494
8457
6474
1237
7568
9004
3599
4175
5408
3473
2540
3779
3649
5268
5908
6956
2332
9896
7513
5967
9125
7451
430
7091
3500
3011
363
5167
3072
2328
9760
9427
4780
4295
3012
6732
1747
7585
4286
6545
3514
7273
3699
7874
6177
1562
9973
4401
8518
6631
3456
4715
1391
1847
4262
1994
1301
8787
4402
2219
1275
6821
5166
8175
3684
3570
4952
7747
659
3150
1929
330
1591
2245
4357
7728
2697
3707
3934
2577
5750
7445
7660
8989
2595
2051
8552
1402
4677
4792
4273
9257
1531
6267
7226
9750
7538
634
9542
2080
6510
1839
5759
1638
3668
8694
6987
4326
5842
9349
7372
6996
135
2832
6704
1853
3124
6226
7302
2831
2860
683
4045
4412
7218
1320
8177
8914
4703
3961
4525
5409
2557
7620
7532
4522
2638
9479
1730
5153
9503
472
6909
6574
6
7596
3579
4004
6954
4503
3968
9688
2012
3858
544
3368
6268
3157
2549
2304
3285
8778
3864
9652
7968
1648
6376
891
5779
6433
1715
4265
5481
5766
2253
968
4796
9324
2440
9002
7736
8910
4934
3641
5636
9155
4910
3567
8418
4720
6866
1939
4469
2682
353
9077
177
9894
2340
4057
8739
3212
5700
2122
9193
162
3996
9599
9261
6062
7990
5569
1930
7995
1855
3120
93
4690
7436
4633
5555
9868
8827
83
6601
9185
263
3271
5983
5756
7331
2794
8141
8373
567
1002
570
381
3189
7154
905
2138
7966
5861
2640
9829
3769
3606
557
6163
1570
7837
6258
674
9685
8318
8681
7845
1254
8532
8052
6723
6245
7717
498
1412
7823
5974
5657
7976
7679
8431
1104
6769
1287
5066
9821
425
7219
5381
3640
6560
7922
5144
9007
2282
2818
2988
9116
1422
9679
9764
9653
6599
4040
2957
5148
6885
442
6435
5954
2742
8095
9175
7323
1960
3331
732
1136
3241
927
1157
1090
4223
5899
2294
4800
129
9060
6249
6208
1005
1542
6931
2079
4915
3127
5214
631
9633
7802
1527
4427
1336
6946
2192
1508
7127
7053
2856
8799
3670
2814
4776
8251
6847
2424
8848
1082
8847
560
6199
4515
914
2177
3921
379
6918
6991
1289
8397
6118
8862
8353
3986
5574
965
8450
2645
7722
3073
3807
4165
9135
4662
4826
5928
758
2487
727
3993
1256
9545
4431
9297
6477
1905
238
1599
8825
8215
4856
4354
1280
3728
409
9647
8488
1681
3855
2108
4635
6112
7937
1346
9147
8430
6468
3751
9963
7063
581
1678
9446
8706
2441
8830
3256
6030
8248
3747
7185
8267
2588
9812
978
5916
4269
9611
6983
5939
9370
3895
2086
5158
7537
6022
1162
8516
8808
9435
4918
4193
2918
7545
8951
3908
4169
5432
6522
1859
9603
1749
9224
305
3139
5010
7774
8580
8451
145
8148
2936
7652
3580
7570
2451
6822
294
8742
2735
1971
1705
8033
1524
7427
371
3369
4492
9121
2432
9732
7658
9304
1380
1799
2019
5038
3909
3943
9067
7439
4896
2530
5198
3254
6651
9472
9634
1396
4138
4985
4802
2876
3847
3387
6314
4125
7897
1459
2972
7738
89
2979
1437
5245
7299
8883
4740
1192
8511
5173
5843
7628
1450
512
3555
7948
3851
2792
2134
66
5780
5710
8642
480
8115
3872
5523
6004
8171
4396
5210
9311
4836
8060
1767
700
8387
5664
1262
5972
2160
4581
3773
3134
536
1717
6952
4233
2922
5266
9056
6436
5323
9976
2646
5771
3755
2980
2050
7222
9949
8023
4762
3990
280
7600
6318
5228
4911
8588
7752
9237
9539
4885
2077
7928
5986
4877
2027
526
4739
3848
3945
6547
5434
5095
6551
9287
9902
6767
7890
9099
698
4289
4588
6081
457
7514
7003
2468
2485
7430
1571
895
5768
8504
6224
9734
5317
1102
9337
9113
4924
7354
6759
1692
4993
1784
3783
6941
464
3764
9676
4749
7060
2210
3822
2724
1245
4012
3253
8230
8935
2965
9945
5688
5511
4942
6999
3634
7374
5151
994
6990
5602
454
4110
8877
8909
5712
6381
9195
1684
7286
827
2454
8619
1903
8822
5126
1308
5526
709
8162
7905
7727
4894
4535
4316
4061
3061
4831
2962
8604
7100
5863
6418
7499
9457
2767
7694
5463
2901
1583
7252
9528
4550
9456
6213
8327
8796
5945
9350
8027
2712
6469
1196
3593
6797
3448
2223
747
4282
5980
2758
2249
419
4799
3231
2700
7522
1020
4027
5833
3461
8614
882
167
8669
5598
5517
8491
8476
2146
3711
3083
4621
3404
1985
8703
1723
1375
10000
8333
8455
5563
7710
374
6813
763
1439
4801
4279
9087
7345
9574
7792
4170
6406
6373
7177
1559
522
395
1796
2307
8573
9680
2370
2308
3552
750
1214
6628
4032
3397
7799
9982
1070
146
507
6281
930
2594
126
7848
2416
8356
3115
5535
7347
8828
8962
1212
4490
2270
5961
8304
5141
117
6711
262
3989
8534
935
7072
9015
9892
8134
5295
9559
3460
7567
5864
4773
9291
1552
5852
2903
823
5883
5867
4542
7324
8030
82
4481
848
4736
4725
9074
8073
8621
3411
5893
4465
9255
6169
9779
7518
1832
3467
1848
7934
6198
7779
3165
1290
1691
7947
7624
8873
101
7183
9612
6048
8066
6186
6120
3721
1622
1400
400
9339
5134
7825
91
3122
4819
2374
7199
1800
9660
6254
713
7093
3295
3892
3637
7435
9093
9729
2040
6478
3469
7031
514
5539
9955
9450
4005
9925
2698
9826
6082
8708
2042
205
3203
3749
7077
8207
5865
9505
8040
4277
3896
2037
3627
5386
12
6334
4552
9051
6142
4872
684
5336
7830
5415
7524
9059
6476
3175
7786
6907
6355
2578
9278
2514
1873
5405
6227
3754
6197
1881
8507
982
8526
2888
1111
8161
1941
3790
4748
4077
6205
1813
359
9667
2484
1746
6762
3643
4475
1877
2212
9645
2044
1121
8885
7303
3957
2771
9101
1658
7709
5370
4068
1373
4179
1516
7580
6620
5534
1882
6949
8612
564
2408
4398
2107
2031
2691
3425
689
5721
8950
2688
9471
8142
4668
3170
2967
58
3154
7276
7232
8166
7744
6824
8227
348
6264
2723
3538
9541
446
8556
8920
8257
2353
4018
2140
9308
153
2358
5420
5831
8918
9405
8232
4219
523
7152
282
2845
272
2882
1673
3786
2316
4378
3897
6930
8649
2029
1866
5055
7615
8541
4163
7212
5026
1004
8313
8132
7791
5447
9809
5589
6101
2066
7334
5040
7611
2812
9683
8934
7737
3520
9677
8881
3428
7663
3163
2780
8459
8933
561
6493
3898
6203
4479
1815
5205
5519
9713
7385
9398
2896
4393
4082
5327
2745
7133
9227
408
7245
3793
2224
401
643
6968
5801
9118
5419
7577
2151
443
5240
1565
9773
6325
8727
435
952
4593
1328
491
5104
2614
8117
17
8639
6978
8127
1307
4631
7878
2458
3502
4101
2124
8057
9614
8367
5860
2021
7535
6411
3659
9252
7556
9781
432
8680
764
1397
18
9403
3715
3311
8752
1265
6371
7153
5018
8921
8444
4814
8493
2414
2291
7057
3262
3173
2931
883
2798
7970
4196
5673
6140
1018
286
5073
3770
821
7770
6479
2786
4627
4399
6080
6134
3297
3977
5964
8182
4011
8768
784
4003
7290
4341
607
5139
6114
3811
9845
7465
1064
165
917
1349
1851
2318
1756
7504
7418
9850
8872
3910
2797
225
2133
8236
9373
7655
7263
4589
3364
5384
7988
5448
3077
2164
3023
8405
2006
7481
2478
2336
4726
7842
5951
9816
7046
3959
2447
2626
1769
9053
6172
5703
2526
7783
7862
9923
4768
5316
2714
4533
1619
6696
3333
5485
8701
6149
32
6000
7029
2252
2579
4085
2060
7382
1611
936
8641
8779
2830
9396
9441
1106
8100
1671
4339
1729
5825
7274
9145
3422
2172
3544
9244
9851
4878
6195
5400
2264
6071
2534
1014
2947
3936
8537
8710
8331
3482
6588
3911
2912
6234
2874
1517
5966
7479
6133
3964
8622
5211
4682
2584
1567
3821
7482
8361
3836
1967
323
4576
2560
8831
6517
2715
1326
7375
4640
242
4864
1936
9954
9618
6561
8264
9498
6568
553
6320
1588
8966
697
2566
465
3346
1417
4220
4411
6182
7699
2330
8479
2570
4929
4526
5573
3026
4439
130
1008
1719
6537
1863
8217
8551
4605
9128
4597
6139
7264
3091
571
4410
1544
7139
2763
1597
4017
3752
4849
9100
7959
6577
4583
1900
3630
6009
6173
4291
9114
6141
3883
4706
5156
4763
7320
3033
1446
8432
7860
9650
6384
2743
9642
3727
9635
7875
5121
725
6705
1302
2708
6857
9875
2197
6597
9598
3804
6358
3110
4447
702
3176
5150
2213
7666
8869
8576
4828
3051
8415
5820
4272
4120
5068
6735
3057
3187
7124
9282
3365
6360
1229
5829
9910
583
8342
5115
5859
7619
1491
531
6953
3800
1410
5421
6565
3574
3343
7820
9987
134
4538
9408
3087
8189
9567
7587
36
6571
6457
4309
6362
1875
1407
3621
3433
2058
1309
3323
4494
6475
4629
5676
7781
6190
6502
8244
3508
1054
3342
7304
4477
1171
4656
505
9230
3891
2523
351
6437
2180
9341
8760
5217
3273
1457
6259
6904
2978
813
7612
1063
9547
960
3523
3016
1696
9710
7516
8759
3114
9948
2722
8705
4670
7509
3884
3766
9212
1912
1711
9045
7636
1621
5128
273
1431
5551
7900
8218
6811
4502
9835
1958
7907
7523
9367
6840
3607
5822
9415
9404
6331
8625
1546
1087
8201
7296
7319
1526
3815
5828
2609
5106
139
913
617
4454
2068
8608
62
5380
6375
7598
7669
2750
4024
2244
8547
2470
1100
9283
1466
493
2419
9061
8284
5389
1378
8266
2669
1843
2984
2271
3991
2085
1454
5261
3639
6100
5107
1046
4949
5982
7506
327
1687
1754
3112
6625
1760
699
8967
2003
9663
5576
1160
2144
8140
8878
9625
2825
6591
5872
737
7257
6820
5512
1643
7351
1589
4686
1161
8296
4472
5536
184
9702
5337
9422
4347
869
4203
5196
8363
9916
1182
7867
3314
1458
4103
4300
2272
9146
2781
7603
849
5069
8469
1128
8438
5033
96
9490
1528
5537
81
1143
6304
2200
4355
1753
2402
20
5635
2168
5219
4701
704
7919
2855
8891
8043
798
8301
6585
9096
9532
9600
8328
656
2464
2206
2154
1482
6243
9789
1830
6691
5832
5341
9751
2886
9841
3468
3742
4143
2238
9138
534
1159
7409
9968
6924
5605
6582
778
5693
7210
2101
5999
1825
2616
7853
973
641
4014
2466
623
8992
4571
3610
1921
2028
1986
3504
6765
6678
966
8429
7877
7105
7814
8798
7184
5785
6422
9504
5839
8449
7571
5005
2338
1959
1733
9054
8961
983
313
2878
1414
8474
1596
9034
9043
1646
9033
2648
4498
8894
2302
4513
1663
1062
8773
2663
832
5898
9669
3041
2189
4212
8111
6126
941
3133
6473
2135
2300
8788
7027
2615
6951
9620
2649
7488
1609
6306
2838
1200
73
2591
5001
8019
9694
2788
1434
4710
6789
6446
198
2446
1965
9285
955
5897
3075
3679
5934
1312
2757
1211
9690
6168
9673
2898
2536
3069
7846
9013
3498
45
835
283
1922
438
6218
5367
1131
9689
3960
1150
2378
9837
658
9377
8945
4114
4144
3862
6815
7104
6040
6096
7633
6407
5695
2801
5738
6554
1925
2734
1472
7078
1845
3805
5878
7944
8204
6995
1409
25
7599
9057
8699
4013
9484
3292
4216
976
6858
6673
3028
9133
908
670
3316
663
706
9899
600
1745
9983
8085
6324
2982
6795
7490
3690
4403
4602
3937
4585
5936
8737
6518
1052
6785
2429
7141
2880
1628
6919
4827
9159
7082
1461
1048
9906
8667
3403
2727
3054
149
8845
1780
2521
7840
6833
785
6152
2660
4782
7389
3767
7957
3499
3332
6754
2650
9202
3935
6201
7197
541
6600
1486
4092
5699
4188
7291
9552
9246
2556
1057
6180
7929
2590
9975
9939
1807
4376
1430
7292
6684
4820
3568
3354
2598
1039
5486
9624
2561
8011
638
736
3944
2629
7520
7423
3455
227
7804
9036
3339
4425
6319
8325
864
7803
6933
8003
5943
7005
1707
6192
5894
9568
8783
636
4256
6380
9594
429
9269
6317
4172
8241
8851
6923
9108
9201
627
853
8180
8004
4285
543
6241
7244
5475
293
9580
4741
9582
7723
6417
2481
9777
8769
8745
3480
5906
9023
6739
2713
6563
8571
5599
601
8276
8958
1791
4909
9421
2739
254
2069
8990
3928
5089
3694
7621
8712
5874
7870
6975
1314
667
7920
8840
5062
8211
9691
4684
9444
7253
1499
1356
4227
7720
944
9241
5795
5870
8188
5243
7653
686
147
3496
6915
633
9644
5154
5701
22
5131
1246
7329
2522
9736
2455
4927
7128
4664
1487
3750
6481
918
1449
3198
9615
5224
1404
7346
900
3889
4054
345
1304
4620
9998
6513
2676
518
2228
3840
6837
6392
1834
4157
5653
2785
1899
532
6248
3293
1948
2234
4648
3879
251
3683
9325
8633
4742
1790
9517
8564
8821
2262
9909
7489
4738
1427
9500
2323
7930
3484
8172
2063
1050
3419
181
7972
5059
4832
3135
2263
6848
8369
2105
54
4079
4224
4900
6729
6716
326
877
1783
625
6529
6495
2733
6488
3383
6516
8870
3086
5116
1305
9797
3240
69
4276
7191
6928
8930
1153
8593
5008
5445
786
4171
9658
2119
5609
3548
6940
4298
885
3714
3844
4128
1981
5391
7704
4611
8965
3208
7812
970
7696
5567
596
5652
6726
748
6043
9256
8756
2116
6309
2621
588
7766
5085
4666
7771
9670
2690
3947
8709
6398
6498
592
719
2833
4752
3020
742
3174
6914
3680
6450
9684
5213
2350
9778
7284
4488
5748
2205
4567
46
1945
5834
8957
8960
1357
6151
500
777
6113
2158
5343
3956
4087
6804
4722
7705
5767
9604
8988
876
6702
6590
5129
665
5528
224
9602
7659
6214
1360
3942
2128
4754
6549
8364
7061
833
7363
1035
368
6945
8879
9932
1804
9900
2726
2604
3951
4363
6535
4641
8214
7559
8448
1763
1682
811
3761
4743
6023
2268
8618
7384
6823
7307
7358
1996
245
5203
9510
2486
8952
8916
6003
373
7574
4638
1858
1798
1191
1838
4480
2269
9997
6883
5340
1442
739
2339
2705
5580
1463
2730
6042
7852
1167
979
4365
7294
7650
3374
8242
1282
8919
50
213
6738
9392
6143
9103
3636
9846
8838
4474
6466
2881
3874
7569
2772
5709
6572
5726
7654
5506
2998
6564
5454
7953
2499
6632
470
4751
9499
1205
2877
53
4229
6269
8021
7590
6720
8382
1438
888
5949
7758
5888
7527
804
822
7044
1812
722
6665
4757
3614
8240
2582
7008
9178
5025
2703
2254
1709
2592
8929
2546
6058
1908
2608
3159
8805
1614
3117
8044
9936
7405
7759
4616
1107
3474
5446
1795
1388
5913
6778
8447
639
3736
8784
284
8380
3704
4156
1779
5850
9795
9581
5093
9561
9383
3483
7903
5164
4839
4304
2670
7945
6871
745
8747
9280
8092
6451
9656
8321
4784
1369
1850
2094
1079
5324
4484
5734
4614
3227
669
7155
3488
4243
6910
4260
75
5132
8816
5344
2954
4524
4112
4851
6262
6912
3829
239
4081
5286
556
6354
6546
9981
3265
8908
5049
1344
9160
4867
1478
7856
4834
7819
312
9888
4221
2904
16
8657
8895
5199
7881
2111
2306
5019
5963
2198
7373
6099
7388
5238
1831
3121
2344
7069
9489
7472
2309
3612
7884
4349
1094
4424
7769
7688
7041
6787
37
5438
3689
3278
8599
471
4214
7828
2311
8088
2007
5632
504
5827
1627
4645
1455
6405
5305
9460
8012
547
4000
6623
3878
8020
5371
4368
8460
5142
7186
3101
2802
7075
1761
5788
5571
6059
9790
8399
5401
8279
629
6663
5248
9501
8964
5645
2127
7676
4553
4787
1676
6093
9409
277
5284
6657
1727
6747
8806
991
9322
7116
9678
7211
7855
9478
6530
2405
6293
6104
850
137
2383
7712
9714
8726
5900
2315
1728
2453
9630
8912
9514
5457
7013
5045
2152
2587
298
7395
8233
4088
7895
3657
9156
1675
1757
2807
660
2938
4601
316
1475
1264
4241
6668
5274
4857
9994
5071
9188
5102
2377
4148
9137
2515
76
7961
6677
8071
2574
5293
2662
417
3709
6408
3780
3141
6397
7469
5186
5304
8199
6861
2397
8925
4210
4561
23
4189
7190
9407
7007
9353
8833
8396
8151
7377
9696
5072
2667
2301
3043
6888
8453
893
9258
4735
1165
5456
3746
7461
3148
2752
880
1405
307
5031
5301
1392
109
9698
4394
2357
9210
2413
9774
4160
2635
5398
6431
3503
8592
5761
3478
8206
3310
3868
8116
8120
3795
6052
919
9016
1473
1108
329
3522
4463
9328
2225
3321
5406
1685
2002
5014
6439
8398
9091
1263
6144
3197
3808
9626
4514
5430
1785
2248
7693
3713
6361
1126
1656
7092
3389
7986
1352
8184
8905
3214
3839
6666
8585
2115
5021
5873
5583
3152
1787
143
8086
4791
9537
855
856
8212
7982
5793
4129
1956
8153
8513
6027
9995
1244
5678
7106
9453
9913
5848
6773
9695
7818
3076
489
5063
9020
7690
8389
3551
8377
3566
5239
4456
9794
5387
8521
5119
7247
2926
7038
666
3042
4534
9200
3924
4442
3107
4187
1587
6921
9880
2182
6514
59
154
5942
476
1339
4504
2395
8420
3916
2459
4074
5917
7670
1170
8724
701
5053
5927
808
5200
8725
1651
9493
8037
7630
3735
2944
21
6782
1554
7610
9524
1550
3734
1474
8008
9553
5122
9459
7718
9991
8118
5262
2510
7827
6231
5077
8074
1055
5488
9815
757
112
3620
19
5594
9209
1961
7847
343
1949
5246
4388
4080
7058
8406
9697
3420
6244
6905
7120
5722
5685
2934
3155
5730
7208
4954
2867
6672
3143
1548
7079
4117
9957
705
6494
3156
8982
1158
1331
3801
3244
4866
2277
7726
2337
8165
8549
5226
8102
7316
1259
9786
6330
685
7201
4108
6007
2257
8734
7924
8948
1661
9071
8520
9768
3571
1075
9783
4846
7896
1277
8554
2819
8915
9318
2769
8346
1970
1979
8839
5518
9386
4405
5984
1891
2317
558
6595
8312
3402
5921
5482
8903
3662
6359
4938
4717
6489
9267
4098
8855
7865
2100
3216
7601
5127
3349
545
8846
5813
9519
8048
1535
1203
3444
3546
5556
486
4902
761
9578
176
6402
1664
4680
271
1722
3259
1617
2367
5941
9098
602
8973
4342
8570
3603
376
1099
8462
42
2943
2842
6881
5911
7225
1906
4162
1814
8370
3819
8889
2461
8452
338
5851
6064
5992
6974
6073
4795
9388
2376
6703
9451
1573
2828
7879
1361
8484
3391
6393
6236
8970
8123
1633
5365
5413
9905
3088
1601
8611
8974
9584
4497
6310
448
2925
6724
8782
8275
1974
4069
5607
9993
6839
3799
2365
6750
4051
290
1348
1451
2207
5046
257
8748
1837
3318
3065
6202
9950
6976
95
7725
9320
8743
1492
6722
7507
4501
7074
7181
5449
8664
3833
1436
5968
1248
1354
5616
2295
2434
1963
9253
113
4661
9735
814
4809
3980
7454
2361
268
1341
2905
9106
6969
3718
9825
6646
6784
2961
535
3705
7370
5024
7913
9722
510
3871
2659
1765
4719
3288
1662
5740
8303
4231
7859
9286
8695
8198
3193
668
9347
2883
4151
3178
844
4053
9
503
9502
6805
1147
7632
9436
4407
2191
7098
8917
9739
4848
4387
7022
8536
6090
4358
8676
5287
5542
6210
809
2039
9518
794
7817
9741
7790
7417
4785
4955
3021
1335
2568
192
5509
6179
2232
5282
1227
805
4905
8620
9168
5461
5159
2822
9573
2816
6644
3843
494
1481
291
5656
2032
396
2356
4945
1982
6069
5762
8005
2137
2492
950
6087
9513
538
7192
9933
4
8401
5727
3518
7396
3004
1208
5696
9194
4122
3206
7366
9197
3838
279
4660
2290
8582
4329
7249
8735
1194
9738
6167
2821
3513
3113
2320
678
5944
5079
3055
9771
8568
2593
5209
6490
540
5113
2260
2554
1015
9859
3270
3771
7589
1390
7122
197
8854
524
4532
1826
8308
8544
1440
907
6753
8670
3857
5233
8631
9767
868
9213
995
7626
4055
650
6416
744
2052
7501
6291
7426
1953
7459
3096
9737
6315
219
5050
3356
4657
8819
4186
5471
8068
3688
1233
3049
1338
2952
6653
5390
4941
5786
6345
7115
7955
6935
4026
1201
7250
261
1645
5624
9648
4609
8302
64
1909
5379
8168
9344
87
7700
6263
4217
3529
9044
61
728
6993
1149
1995
525
3109
687
1917
7557
1117
393
1017
9486
7112
9372
6957
8376
1879
6464
8658
3635
4986
3941
6247
4727
5149
8125
8486
186
9857
6752
8351
3440
9055
2791
7059
1657
9455
6155
4700
6803
8758
3140
1861
7505
3806
7541
5363
2380
6297
3384
2489
199
7321
8294
6271
932
9643
8158
7444
6209
5600
6294
3362
9363
9863
6305
7544
943
8097
103
7641
399
8337
7055
6053
6302
1315
7047
4587
4646
2581
549
4215
5577
1267
9242
7419
3517
8463
5184
8041
485
2227
6070
2433
3238
2756
4541
7420
1206
29
8090
2993
5952
2326
8975
628
4678
4626
7960
4759
6878
5429
4177
7485
920
1394
3213
5426
779
1124
3348
1886
4430
5039
6851
6783
4833
6503
9940
5857
2251
1880
569
7083
9832
2677
6237
2887
2181
215
925
118
9974
1820
594
2354
6899
4766
615
308
6378
5375
2404
9254
5269
4470
4863
4142
5868
1081
3825
5047
4288
7691
7940
6132
3032
3037
5668
2067
9038
6906
6500
9107
7943
5717
9840
4152
9873
1944
8531
9893
7512
3457
9943
765
6200
5572
5654
6049
9999
2766
8393
5617
7993
3812
4707
6321
997
1493
2053
1864
9375
1697
3059
5374
6430
5124
7422
9348
2643
3532
9263
136
5998
9361
8610
474
9321
7393
6982
4352
4345
4921
8330
7171
5559
5753
4485
5296
4107
621
7416
6013
3653
6972
9747
5663
7160
6367
2463
6188
3556
7272
1835
6958
1701
9214
6401
178
9079
5884
3205
7410
2782
5679
4337
7026
9180
2087
7200
7883
7935
410
5236
866
4582
8644
9276
707
3145
7941
9351
5520
6423
2602
5143
378
1022
7503
6830
7391
98
482
168
3209
9956
1553
2173
3426
7582
9143
7134
9343
1558
4253
5558
803
7476
3589
3098
7932
6223
7642
5754
1169
3463
6295
7228
8776
6555
459
4930
9334
5492
6541
2702
6654
2809
4073
247
9006
7683
7137
9752
4549
77
9935
8443
289
4586
2150
1586
357
6298
3100
693
4448
6074
4023
1827
436
5160
5097
7778
1801
4850
5680
5358
4712
5946
2692
3487
7946
8977
1518
334
7432
6183
6816
6764
2527
7667
1215
6761
2897
9429
8675
9170
938
9025
2907
1510
3210
5091
5910
4693
195
9290
8059
3470
6015
1926
4679
6462
7554
911
5022
1854
1243
2552
7428
8186
7065
8176
152
584
3609
1038
4835
336
1978
1523
6425
1927
6016
3305
8638
1370
7668
5782
4649
971
4674
5165
8322
6390
1376
8018
6592
8209
440
3352
3618
9756
4471
3382
611
6756
3974
7555
6240
5320
4312
9009
593
4377
1359
8943
7984
7627
1665
8291
903
1406
6238
1607
7789
6844
5
4995
4889
13
2418
7526
1580
8736
2278
1502
8971
9885
7342
4540
9058
4808
9245
6605
5417
4691
9335
4989
9787
8696
6285
6121
56
6386
4855
7350
8744
3414
8270
9972
8640
2075
1293
7287
7833
106
6988
4021
4194
1433
2114
4433
8837
9958
8606
1872
6187
7336
9365
2548
6029
4302
5597
7355
9898
1954
9515
1501
9720
4705
4558
5587
7579
3338
3111
5056
8893
2729
5078
3379
3515
33
1016
4994
250
6459
9828
1902
8185
1268
1238
5671
3218
108
8254
8899
1382
6838
9458
4824
988
2190
5383
444
7440
3009
8237
5985
4931
8352
9649
3477
6576
1551
8767
1560
4548
8035
1226
9465
6454
5491
8336
2933
9980
768
3975
6831
115
4252
9487
7095
5639
3497
3774
2946
528
4178
8492
6427
5034
2136
6146
2596
9001
5720
9047
879
6445
6977
9937
8421
2502
4750
9876
3850
985
9163
2553
5007
1021
7950
533
1345
1690
1177
3196
8231
3358
3475
6674
439
5030
2389
5306
4564
5003
5171
3984
7977
2572
8202
8597
3399
7464
1031
562
3809
8034
1887
6873
3290
8543
7322
7813
1166
2564
7552
8483
5023
8332
1135
4730
2016
608
6650
6482
9700
8898
8772
8229
3997
5357
1836
9414
7763
6351
2261
218
451
6018
1808
1164
4813
3347
7045
5099
8793
1095
3171
4100
4804
8824
1538
7831
2491
5590
3987
7196
6818
9687
8843
928
9807
5669
1578
5836
340
819
2312
1540
787
916
125
5451
6810
7732
5250
9657
5694
8310
8250
7268
7437
5101
951
9078
4859
2239
5525
6352
7376
8671
8835
6307
3631
349
3081
1109
1529
5876
3327
9399
5483
4264
6216
1316
3537
6900
2624
5414
6365
2551
3372
6497
6323
896
4916
9413
6025
1207
5468
537
8931
8722
333
9485
9886
5123
4870
7543
7914
7231
9203
1659
4988
8940
6191
9526
8203
5723
4821
7539
6175
6734
677
7822
5881
2437
873
3450
6806
8686
6230
2281
751
2619
8439
4369
6856
902
7024
7434
7854
8766
5190
9590
506
4071
9384
1668
347
1541
2701
3424
4747
8907
9704
2679
4628
5277
6718
8692
7280
7915
3927
2710
3251
1285
6692
4506
9003
3818
5778
5098
3832
1980
8404
2935
4307
3066
5321
8654
3437
2847
3867
8981
5359
1401
7838
3017
7
977
8297
9005
468
5235
4335
2346
1240
9382
1512
1626
6714
5425
9187
2349
1465
7964
7724
1897
3220
1333
3682
8979
1938
2155
5918
4695
6399
892
6369
8900
2411
4573
4097
7592
2885
9075
4001
7446
6686
5032
899
1998
6579
4198
1993
5540
3915
6153
8661
5182
7731
447
5714
7327
5666
200
369
1413
4630
6942
1261
4429
8946
5751
1355
8272
9730
1228
753
733
7780
7188
9357
3971
4446
3893
7017
6886
1641
1947
2130
7674
7023
4852
837
923
8888
44
1666
1288
8315
4149
8797
550
6971
3577
5191
1823
6648
4174
4104
7644
7129
9306
5410
5353
2064
1462
4059
3459
8269
7279
2835
3380
2879
953
9215
5192
5029
5702
7850
710
4361
2435
2005
5960
420
6280
6150
6110
2963
9979
3854
8010
6014
2618
8360
5510
577
9562
1822
4622
5378
5247
5476
7158
6207
1556
8408
496
3060
3830
5183
7560
9152
4639
2280
6506
8577
166
3416
296
3885
4496
2749
9141
5334
4168
3063
255
2004
5453
4409
1809
6292
6440
9952
6911
5691
6157
8414
1592
7714
3296
4876
6461
6275
484
6483
2815
9371
3827
7277
9084
5725
2916
15
2894
8804
7904
8497
9766
8533
8427
4078
1049
1774
4297
4283
9844
1989
2372
2417
8579
8591
9509
1635
2586
28
8717
7255
9805
9420
2512
4034
1803
8598
8320
3104
4721
1444
5356
2940
884
3595
4520
9854
5706
8099
6077
9355
5140
5318
9374
2289
1027
4543
6827
4617
9929
6148
9827
1503
5905
3849
8437
5947
234
4947
1775
8617
8289
1758
497
5145
1141
756
248
4908
2038
9040
8105
7716
3887
9848
9666
8174
5646
4072
8295
7618
2014
5392
309
6829
3147
3303
7306
6024
8522
3225
3095
6449
9069
5427
2544
3284
3319
7936
1306
27
7581
7938
8720
3451
3708
5136
3973
5809
774
7040
2654
7917
3400
9491
31
2153
2026
7492
6621
2091
8195
7764
6456
7229
1272
6917
2045
3501
1490
4975
1693
9340
2927
1533
2975
2366
7916
138
3390
575
2789
80
9081
1923
2279
6185
4590
9989
9417
2482
2373
6519
9225
6892
4555
2890
3351
516
1914
1893
7899
2511
3211
107
5683
6085
4537
4440
6385
236
2841
4892
9243
8509
7340
8419
7067
7572
851
9309
681
8335
4318
7893
2829
7540
8268
7564
9395
810
2716
7531
1429
9406
8569
4468
6984
8348
2633
9853
7826
4713
3948
8996
34
8771
5493
7510
9622
1759
5204
8857
9802
4136
9772
68
4672
6050
7239
7138
6637
5997
9623
3266
3712
5065
9572
7872
1112
4991
1460
1695
3022
5253
6760
2992
7090
1152
1781
4728
3966
310
9117
5620
7015
7108
1776
1732
1878
5875
1616
6509
4562
5566
1983
4789
790
237
2194
7109
5647
4131
9525
1365
2573
6556
8911
5790
2868
6276
2203
729
2567
8927
2804
8525
2929
6128
8732
622
7974
517
7902
5996
7776
5254
7460
2018
8139
2528
6220
4805
9097
9606
5092
8829
9174
6656
170
9233
3931
3151
5614
7975
477
4600
1821
8733
1768
8411
9822
8144
3602
4408
4140
7784
8055
4343
2208
6670
4421
9538
4837
7266
4164
7761
9716
8152
2695
266
1271
5856
1764
4287
5114
7203
8498
2250
5202
1076
7399
8343
6733
5760
388
392
8897
6162
3740
9122
8143
3787
9838
8271
8976
3177
4612
2509
9516
2000
894
8574
7156
2047
3442
630
7412
881
2718
2283
901
9356
5397
4404
2960
2293
2787
2507
1119
2109
72
4697
2022
2469
4976
9284
3105
9358
2871
6005
5732
1381
6037
9619
3320
5125
4822
5431
2406
6609
8792
6426
7687
2299
2112
4862
5808
4977
8051
3831
5634
9066
5396
1773
3842
8508
5498
5394
2623
7443
5915
4577
4419
7168
7406
4292
3396
5689
3106
5015
1217
5622
1193
1125
1942
4139
4166
9327
2634
6035
8765
341
3724
6533
3669
2241
2913
3664
9070
86
1639
6316
3539
1865
8208
6780
5393
8386
3363
3446
6745
9632
1810
5623
5048
4086
7745
9836
2220
7487
7671
6374
9871
2632
7016
3647
9346
8205
6484
2425
5189
5249
6699
1568
4250
5930
1931
221
5220
8299
2401
1594
3131
6553
3608
7593
7162
1137
7338
9715
8062
6596
1418
1366
7033
9110
9540
3729
1151
8586
2496
4102
2247
427
2082
7602
9032
874
1311
2092
9775
297
3129
1281
8422
1043
1324
5256
6947
9842
8892
6865
8515
7605
1702
6817
565
2285
7054
9962
871
3191
5088
4625
6379
7386
7795
2442
7525
8349
8723
124
1367
6671
4746
8626
7998
5459
3982
1788
5326
3543
9301
3279
9867
6165
5433
4483
1876
6770
6350
4242
9027
2033
180
4076
2919
4556
9882
3494
7843
9402
8651
2494
7931
2017
7565
2631
8896
6274
5585
8589
6586
8668
8067
4518
6610
295
7189
8056
5347
8338
8716
4275
2073
8178
7049
2908
7500
3967
3289
385
1327
1937
2613
2932
783
8770
4094
7236
2267
8542
222
1300
6868
6219
5230
9965
8081
6098
6047
2426
7563
1145
9843
3204
7707
4978
9260
8505
7495
8082
4798
7256
5162
614
1844
6880
9102
7807
2585
502
8112
7441
2539
6492
8755
8683
5971
3491
6388
7467
4450
1951
847
4191
1197
7703
2132
6251
3027
862
4724
1435
2748
4380
1992
4544
1060
4180
8648
857
6194
6181
4245
7508
414
9830
2541
2145
5422
2335
5070
6814
8985
7530
7873
7801
2184
4764
4031
5146
7646
9132
4685
2065
2783
8832
7497
7785
7020
4999
654
1976
2981
9439
2953
9164
9184
3678
7164
1962
9473
9426
3717
8024
626
4647
6341
749
1946
6527
6606
4624
2186
1071
6567
771
1739
1097
6706
5544
9166
4698
7056
2072
5550
1563
3312
9129
9369
4340
2204
8091
6313
1828
826
3633
4065
7529
5345
3527
4462
6075
2400
5994
5258
3856
6463
264
1234
6054
5155
5533
3698
6079
4066
842
1122
1495
4207
3642
7672
5289
6161
1841
959
2775
3585
8834
5584
132
1654
3052
714
4906
8600
5821
210
7457
9927
3938
3375
244
2369
8282
9911
2036
1178
8103
9908
8358
3535
2266
3018
5469
1856
3243
5260
5180
3039
6994
957
5080
8000
9617
6622
6660
4825
5467
7360
7135
6683
1537
8538
7734
6060
3757
6638
4050
384
3277
7143
2199
3626
934
3672
7594
6444
1186
4570
6127
6777
8801
8482
5084
4417
4737
9686
1089
3417
6749
4458
8054
2274
4868
6448
8678
7498
8713
3507
1321
9512
1469
8691
2717
2689
9176
8942
9874
6719
773
8379
9788
2287
7925
9364
1006
9433
3730
792
1163
9966
5452
766
2170
7586
3738
597
8850
3913
7471
4950
3162
8959
6051
9476
7086
1297
344
2685
7209
4234
7217
9474
6501
4284
6260
6076
315
9454
7639
1932
9884
6339
8350
1351
9379
9154
8243
2412
8677
5500
4817
7251
2460
3533
3223
6689
1509
4990
1555
7453
5515
6589
8169
4006
265
4783
3082
7996
4205
2023
3252
9705
4370
7161
1183
9316
4455
9207
7425
3085
4296
3458
6265
530
2738
4255
6973
6710
1279
6798
6876
1582
4729
3007
740
3299
6222
1464
7634
4663
5841
5473
2863
175
7891
3302
7987
7136
4967
8093
9527
4594
1566
9917
7076
7973
300
5404
5207
3315
2852
5631
1652
9977
5924
7341
2827
8730
128
3978
26
5416
5807
1660
3791
6937
9563
9820
6612
4786
8496
3029
4360
5792
5853
1120
9111
8594
6211
5912
7656
57
5310
8514
2711
5955
4883
6412
551
5514
2889
2720
7080
5294
2533
5798
5388
9583
8222
4598
6897
3962
9931
9220
7681
624
174
6908
3660
423
8391
4913
5267
1053
8489
3062
1741
7081
4367
9401
834
6111
9784
4578
1260
7262
9901
8715
9167
2347
418
5612
7148
7927
6626
5505
2118
9312
8786
9029
9970
1329
1069
9529
8435
4960
7103
2773
5028
730
9549
6032
5472
8728
7617
6725
8613
9126
9120
7371
6525
8868
889
8607
6396
5531
6217
6322
84
5626
948
9452
4147
5170
6066
6273
5052
5651
1852
2805
6215
1867
5672
3824
1574
173
2810
9331
3030
3047
5331
841
2647
4039
7721
4020
428
5548
7909
2657
3217
5137
9727
4816
5311
5411
1602
8285
4321
3697
4761
6652
2070
4965
6963
226
4359
3542
5418
4373
8761
8672
9162
7021
3014
1990
3650
5112
9554
4202
9920
5659
852
7052
4467
318
8087
2240
8646
1421
3190
1731
9140
9575
6846
4683
232
1221
7028
9250
9418
5644
7713
754
8046
6751
2873
3479
5665
2379
2610
9289
1441
9226
6337
5981
5058
7243
3888
7662
8425
7645
1637
4696
8932
8997
6985
2768
4428
6303
5959
8630
1286
9151
5871
4333
9668
8259
2010
3863
4962
7549
1269
6158
1278
4536
3255
2823
4569
552
421
759
963
8815
3044
8887
1506
1078
5593
5837
6196
3995
4489
2503
6989
5719
3031
5364
8076
6135
8490
3817
7107
3652
6083
8955
1640
2964
6755
8220
8503
9818
7869
7051
4060
2655
2630
1374
6700
2314
9938
3371
1249
8428
2423
3074
3965
8738
5368
7004
2009
1425
9345
8424
4669
3010
5570
5377
7456
90
8001
235
394
8635
3510
6841
5781
1139
3999
8802
1448
9368
7142
7832
4248
682
2824
6559
2258
947
6859
2233
9262
6980
7064
4067
3998
3629
7901
5889
4134
1999
9834
5932
1452
1051
2483
6603
7167
2322
9294
9934
3875
7708
3472
8368
5208
1488
6184
8811
4317
4232
2751
5376
2385
4029
7411
2196
7333
97
3759
7757
3553
3521
7609
8410
2475
331
5442
9621
9360
4263
9969
5803
5086
3519
1706
806
6125
6889
949
8629
2737
5938
1603
3430
5096
1030
4200
8707
9191
2471
6558
7014
8138
1220
4881
8679
3655
3070
7433
1819
4599
2275
8702
3409
7647
2747
2571
6779
5547
3922
3373
127
9390
5206
6772
2443
6026
7300
4183
5257
3183
7965
4206
6485
2490
6001
2674
9534
3625
2215
3476
7037
6366
7241
3695
7312
4997
9560
2430
467
3235
5395
7194
9171
2476
3530
8456
3398
4327
1751
2777
7793
1019
9733
904
2436
2684
7809
5369
4331
8403
2088
9177
1317
2995
5728
7558
7002
1577
5103
3591
8109
2681
7876
7573
4592
4865
8764
8754
3675
5990
4797
6680
1513
1935
6432
5308
7851
2793
9770
3307
4416
6311
909
789
495
2381
3512
4145
9947
7278
5313
6028
3471
2243
9462
2790
5076
9050
6715
3550
5690
6270
10
4767
9506
4372
4305
3454
187
8280
189
3099
2131
2343
3907
4322
7455
7622
441
4642
7491
2994
3617
2949
3294
9926
9878
4781
5105
5502
8813
4823
483
6573
5333
322
5774
7880
867
2074
4434
723
383
1419
287
2148
7767
5423
9800
9333
7521
7378
1086
7643
7281
989
9535
5958
3245
3006
9288
6552
9302
41
9701
3274
6640
7623
3264
52
8084
5242
151
8381
4391
4062
1911
5715
1347
2472
9300
3495
2348
5773
2415
6471
8762
929
2217
7332
5312
3952
5591
79
2147
8590
2764
7234
9576
2008
7381
5361
3435
6781
8417
9914
5903
5769
961
6793
65
7178
4687
509
755
6569
6562
8200
4400
2386
3003
9139
1521
3866
2195
3950
4760
9293
2518
488
2209
6593
8844
7223
8623
2175
568
2930
9839
8167
2865
9570
3981
1073
1894
1204
8807
9239
5499
7111
267
3578
5630
5601
7362
2201
5879
5479
9419
4596
6097
9664
4007
5020
390
1736
5188
1915
4926
1618
2276
6649
1065
2563
2686
9303
9531
4330
9693
4887
910
825
818
3340
6424
5799
4886
8047
2531
445
8836
1575
9196
4818
473
1025
6480
4487
7348
5920
2359
4293
9218
3048
8634
1146
3283
743
1443
8603
9172
3845
4270
6950
1700
5322
945
4113
4146
7635
2900
5094
4016
3024
2059
9566
160
3228
8113
1655
9824
9646
6063
8155
1358
5218
5581
9761
3524
2211
4604
5108
4303
3691
8684
3462
8616
7442
1219
8104
5904
931
2675
958
9123
3828
7431
3408
3445
8385
2011
4527
2013
1991
5474
3616
3949
5847
799
5564
94
4460
5595
8070
3337
4495
5987
7379
3182
2861
4426
817
6740
8860
8540
9723
4810
2746
8407
1916
1997
356
746
7824
7800
5174
7651
3005
3594
481
422
5464
8545
1088
9755
993
675
6879
8628
8523
9019
9234
5604
1918
88
9205
1185
5553
5439
3199
5940
6472
7462
2214
3876
7019
7528
5746
3493
1036
2104
7762
6548
6382
7157
8031
2216
8249
4010
1129
2142
3438
1846
8674
6154
3933
604
9881
259
6174
7394
9904
8685
1083
1688
6252
8662
2736
2779
9919
7353
6105
8156
1833
6086
9039
5117
9342
6242
4793
9266
6895
8458
770
397
2218
5592
6145
7275
962
7397
7123
5111
4190
9381
4056
5152
304
5444
3613
5234
6808
1068
1704
8355
7480
2083
7463
724
6505
3078
3267
3226
2753
7942
3328
4845
2601
4530
2826
5554
9338
7963
4047
9037
972
1140
1943
364
1590
9481
1507
845
9558
5440
2665
5891
4208
9520
386
172
217
8058
7576
1291
7466
3153
8584
3505
1744
4124
1869
4644
7011
4422
2479
9543
7311
6159
7496
1188
9469
8711
6636
8392
6658
9523
3918
922
1303
5329
1561
9522
912
7985
5909
9017
2061
433
3676
716
672
2580
7032
4199
6031
1257
1968
4155
8583
1649
8136
1325
9637
8334
7926
9589
4723
1987
2421
9870
1539
2055
981
9907
6664
5328
1940
171
3281
402
7010
8154
2529
695
6507
7198
9551
816
2292
9719
3222
1142
40
5618
3946
8978
8309
521
1724
6137
2656
1389
3706
1362
679
1928
2999
6204
2284
24
3954
4043
4184
1184
1849
2661
1792
3569
1683
1180
4879
5244
4310
2396
9206
105
9127
7237
9595
9366
2089
4239
2606
3195
7894
6420
7085
2666
1045
1372
7939
2403
209
2959
8519
4070
3994
4907
4632
4539
5450
7484
7836
6039
5796
1794
9089
3464
1595
9743
7369
3605
111
4453
2030
8286
1536
7066
1610
6819
6964
3929
7741
4860
6526
7096
1074
8485
2439
8359
2226
1811
8499
9721
2493
3449
6088
1606
8402
8002
7206
8213
2235
7267
4546
9173
501
5051
3516
1612
6368
8039
9793
6922
3765
380
1895
9856
9219
555
9157
2911
6091
5231
6667
9712
5348
246
7260
8871
391
6010
690
5264
2351
8305
2410
3737
7918
9480
5806
7034
431
8063
8290
3739
5735
9593
4901
3890
5309
6864
6067
3865
2480
8314
8810
1479
6171
1829
303
194
4948
5890
9984
6357
4774
8306
8426
4613
4182
7742
548
9776
788
3776
5064
5281
4904
7402
3300
7502
413
8366
119
5354
1576
647
6078
4659
3813
7625
3116
2120
9895
2169
3623
8478
2392
7392
3360
696
1738
708
4512
1817
3560
6019
3554
3136
7254
8278
6617
5937
2431
7978
8344
7318
3526
6932
3142
182
2393
190
9052
2171
7018
6594
3079
6608
5075
8374
644
8627
2870
6662
1984
8173
6189
9780
840
2362
2725
1181
5272
260
2398
9627
8263
4579
6178
1399
6690
3418
1672
4115
3407
3304
1677
6395
6353
8494
5687
1189
4135
8015
3423
5177
4315
8660
7009
9423
1385
6615
5933
3731
2986
6901
661
2025
3899
5462
4733
1415
2622
9112
7036
9706
613
8517
3528
8094
5017
203
6675
3826
6221
1793
4414
2976
8563
1615
3597
5907
6057
4392
3545
8036
9654
858
3260
5794
599
1009
325
7911
8077
5373
9565
6728
8441
4397
1174
1476
2806
8655
4238
9879
6538
1176
711
7515
8157
4869
7356
1888
4893
8016
2500
2341
7175
898
760
5661
4099
3236
3322
2869
4306
5428
6624
7383
1630
148
2102
2388
6278
4375
2721
7478
7748
6598
5565
5895
2334
4384
3118
179
4972
5504
2968
2345
1218
3932
2537
324
5543
6006
5674
1762
6536
1511
3777
1067
8859
5300
2693
4415
3586
6611
5350
870
3489
4756
4314
2966
863
7285
2467
3775
9014
9447
5816
4651
3700
207
2600
2862
1033
9748
6849
9536
6327
1874
3056
1340
1778
5288
3080
6679
3089
8817
4758
1216
3701
7991
4274
6834
5582
7553
1231
4153
9651
8454
9204
513
5724
1634
3758
642
8875
9596
6884
4643
5739
8323
2990
829
6228
8357
8624
992
4116
6744
7885
3313
1
5496
9021
3814
1543
1748
1716
141
5147
2642
4505
5978
2452
1273
2923
3275
43
6890
3395
3590
2858
3357
2910
8390
7967
6926
5349
85
9466
4917
9022
5783
1816
769
6414
1445
7661
8477
7288
8789
9799
5002
7089
1988
8147
3412
5811
6413
4251
1155
9709
7815
7309
6344
3439
3834
1118
4957
1933
9248
362
6962
649
7551
3753
1313
6812
1115
975
3667
4324
9182
6491
8741
3378
7131
2117
6587
9279
5157
6108
7048
3432
9432
3563
9530
2627
9235
2256
5315
7777
4523
6364
3013
2909
223
7629
4987
4882
6428
4049
4992
5764
1322
9236
9249
4671
9387
2183
4807
3192
7898
1173
9753
8192
2575
956
9090
4709
3344
5489
7956
924
3094
6356
3149
4979
3421
6282
9181
999
7337
4246
9024
8575
854
559
7207
9211
3628
2342
1734
6034
5704
7798
5074
8781
9511
6902
7695
5846
6286
508
1755
1806
4946
5403
3901
5628
6835
5791
4591
1213
3923
2891
4379
9588
9216
6415
7068
9073
4457
5255
7159
4478
7673
7282
7339
8409
5682
4294
3536
1113
2844
6261
8777
317
350
3291
5929
4689
2854
9105
2893
8319
5686
4963
478
3651
5297
3335
2625
3441
1471
5195
6736
6409
8159
1387
7387
4788
6614
865
5507
6136
9833
5787
407
9556
6708
1743
7892
55
933
6092
7483
815
4052
1653
5973
6659
8632
2974
150
5291
4811
4770
2202
5818
8388
5138
3301
5804
6377
9030
2687
4493
9610
1777
580
731
5083
7179
9463
3232
7684
7398
5578
527
2167
5969
3732
2969
6193
3687
7119
8750
104
8412
8341
7301
2445
6329
8163
9150
2770
1224
9992
7240
4806
6094
4371
3053
2407
7475
5303
67
4395
7458
6794
2371
7297
3229
2230
9080
2324
3722
2231
4048
6737
2696
6619
7664
2617
9869
5993
4197
7330
820
9897
2242
4259
1058
926
4875
9221
8434
2098
653
3413
6233
5758
5744
8963
1857
8467
1247
2329
7534
8984
8210
2368
4610
3001
5265
1232
2719
1604
635
2457
717
7448
342
6524
8785
4028
3557
7172
7227
5012
9477
6279
7583
7739
4675
4090
9682
8849
453
6122
462
5292
1620
7787
2001
1532
2305
6441
8416
314
8572
9507
8928
437
2327
2915
8235
4015
3202
3161
6882
4105
9142
2778
4603
1024
5611
9798
9944
7606
7675
9183
9636
3970
9725
1319
8256
4982
5241
5175
3584
1199
7102
1629
9655
9497
9274
1498
5560
5110
7562
5775
996
9275
4348
71
2176
9298
4044
8281
5011
1447
776
4655
3434
9124
204
741
4891
466
7997
6633
5814
8340
3654
4366
8800
1393
9222
8906
2513
5824
1977
9115
9247
8317
2950
7165
2673
3034
6887
2465
270
5168
738
2583
4226
2505
8700
1572
121
1000
5684
5705
1740
1411
3917
8913
3184
5237
8329
6299
9251
6891
8609
4235
9430
2185
5372
6655
3485
2872
1860
3329
6130
9354
3886
7906
8602
5087
3611
1283
8013
4711
8101
1040
5061
3604
2740
2612
2129
9819
1896
4812
2973
6528
9883
939
9295
120
5627
2884
3882
7999
7595
2857
5229
5707
9810
9208
9385
4958
8293
2538
4313
8856
8121
7216
9018
8228
9855
671
5090
4009
4919
7176
5044
7698
4346
9942
7597
4041
5667
3067
7680
3940
7126
6336
3201
9861
8053
2399
7035
1175
292
9864
2165
9806
3782
8562
9109
2762
2576
3287
361
591
3743
7326
416
6643
1679
9268
5729
6387
5443
6583
781
3058
6523
8809
5041
1534
8947
9494
6627
2680
5882
2321
4033
6807
9803
5251
8413
6925
6372
5650
6332
214
458
47
7173
2652
4890
7473
8949
8842
3038
1480
3582
9467
9708
5957
6944
4176
8944
801
6102
5655
1884
6348
4466
6036
1581
3230
7364
8137
7408
9445
1123
7230
5923
9699
9891
9065
8080
8470
7887
8548
807
6825
4173
2741
7788
3257
1364
1496
6875
8901
469
4271
9639
721
8107
6629
6721
5858
1134
5776
2352
6119
4842
2159
2678
4096
4829
9186
7070
7449
8069
9662
3381
6639
8026
1883
1470
5637
3324
4095
4716
529
9468
7954
302
1686
4311
2958
2297
5608
5477
9831
2924
4517
6580
619
2683
1789
2639
9238
9085
131
3144
7952
7359
3436
4853
5109
4956
1332
8045
1292
4815
2187
8436
8042
7561
7477
5640
838
3353
7979
8181
6550
3572
1797
6616
6970
4042
163
8998
5385
3969
6455
1456
5135
1467
5057
9488
6836
9796
4618
5742
4652
5484
9586
6131
6116
5120
3904
1350
7202
5621
2057
703
2948
3792
6863
5765
5503
9031
8262
3835
9951
4681
4572
4030
9092
2078
9231
7746
1636
5887
4046
6487
4790
8653
6046
337
3725
1426
7149
3261
8433
3976
1862
6898
6758
6936
1969
2084
9813
6438
9692
9544
3741
3953
5016
3860
1092
1080
8740
1782
5042
7220
2387
6570
8774
3919
158
2020
5402
2799
1890
3525
8665
3983
4119
4566
3068
7062
8826
7889
9877
2795
8601
7719
4167
5629
4874
8820
2803
3200
288
1096
8471
7983
3820
7566
1066
3596
51
4290
6860
6709
406
9376
6997
1047
8114
8135
6400
7289
7407
3663
4888
5521
5935
4981
2449
9464
3194
1708
7121
5752
8861
9272
3894
3172
4420
7097
791
692
4964
5970
7368
9028
2694
6229
4299
3453
4847
1514
3263
1061
1505
4694
1236
2428
4332
1924
1913
4022
2456
712
367
6927
4932
6712
8128
1012
4236
3656
6453
7000
589
1003
4654
6869
5193
2375
8017
5718
6206
6421
5931
5223
5643
5885
2761
6867
2504
9319
4257
1363
8500
6103
5855
2462
1276
8566
1085
3394
3123
6877
2161
9391
8006
2520
9330
8867
6707
7146
4636
9026
5772
3903
9086
1522
8183
1105
8131
3097
6164
6349
578
3744
5221
3841
7265
5800
3164
9442
9521
6017
2035
9912
5000
1584
3282
8371
5610
6613
3509
7969
1133
4301
8876
4920
9631
5027
9232
6802
8130
2636
2542
1557
2732
8969
4240
1270
6874
5227
6266
3248
3686
8277
6340
358
9136
9587
5480
8794
3565
3674
434
4351
4204
9042
5362
5586
8110
574
4261
7380
4334
6235
2095
4123
4969
3748
6763
9217
4249
4873
8133
3564
3870
802
8096
5819
6045
405
2141
6792
278
572
6768
5335
3576
4966
4150
2325
515
3658
8196
4884
9416
3723
1497
974
7604
8050
3035
7283
8524
4441
6645
8937
7163
5736
9758
2495
6727
3719
7293
4230
6467
4037
990
1519
2288
3130
1029
229
3540
9012
3377
6290
274
2286
2668
7882
6520
9918
6176
573
4258
5641
4973
4218
8506
8991
7588
2547
4861
5382
2840
7001
4983
9412
2755
3733
846
8690
8224
2123
6117
7958
9782
30
4278
5862
7971
8643
8553
1130
9443
6515
5460
5568
5187
5838
2310
7313
3045
3317
3036
6742
2637
5948
2163
9313
2565
2517
6061
2658
2525
7073
2941
6020
5770
6998
6896
7923
4803
8384
8339
4871
921
2422
5355
4844
9190
9192
2939
8274
2875
5524
1712
6338
5956
5081
9199
780
4064
6799
3645
2125
1026
9860
2090
60
4325
3763
4192
2906
2951
6343
3334
2955
9763
8567
6403
74
9757
1386
4732
7863
4158
9041
1520
1726
4619
4968
8812
1632
5844
1110
4452
8495
2917
4213
404
9804
8650
4775
942
2237
3511
1973
645
8731
6328
9548
8535
5557
5991
5708
616
1667
9332
1077
1059
4880
6300
2473
3040
5501
7951
3861
7429
6465
4830
6012
6283
4464
8880
133
2765
3810
6788
1127
6084
2519
3685
4974
9672
8480
8258
3084
3549
5545
403
688
9546
9449
3008
9400
7517
7343
8775
7773
830
9665
8666
4500
9985
6694
8146
7886
5197
5516
450
1710
8647
6850
48
6534
7794
5118
3376
5658
3693
9265
6312
7730
1564
355
285
9801
6335
7486
5176
5532
7270
3985
5006
4951
8375
8718
8866
3802
5169
1818
3330
6068
6698
1547
6775
9921
6741
566
1284
411
9104
2864
797
8440
5508
4734
3492
1432
4386
3716
3158
8221
8558
9158
1786
9924
4063
4382
2846
9811
306
5613
116
8253
2706
1144
8780
3345
9259
3638
3137
8565
7638
2921
1742
7546
5437
9785
4777
4769
276
7548
122
6992
2620
1368
8652
3541
860
3186
4940
1525
4794
6106
2149
8124
5278
2651
7349
1920
872
7908
3726
6966
6920
3431
155
3429
6826
9482
14
7213
7314
8645
6147
8698
9411
2420
897
6460
1294
6394
5880
360
4714
70
1225
1395
2448
6774
92
7949
6107
5130
6943
9082
3912
7039
4109
9270
8064
5896
3592
5922
8972
9425
7421
9717
2892
5901
3926
6540
6443
4509
311
4650
812
9592
6447
7829
5866
9161
1383
9010
9724
5826
676
8512
861
7113
5273
1483
1689
4568
5009
252
4665
6965
3632
3939
7760
3852
7246
4362
7140
8446
9728
8746
6089
2843
8749
7468
8025
4935
8354
6452
8145
1098
7816
7259
3355
2221
9557
5181
2382
9792
1975
2427
2097
9492
8719
8372
2817
2
9872
6843
843
5522
7310
5698
4225
5013
4545
9130
6832
8347
8689
8890
4554
1190
7125
8029
4445
281
4381
2034
1674
9707
1408
8546
3447
9315
3558
2056
1569
5458
7006
193
9046
3619
2731
3385
5407
2126
415
6044
5988
8423
796
2532
8473
3341
4308
208
5513
9640
9605
3979
6786
6618
3234
456
3280
2229
6389
7099
9740
664
3696
3125
328
8904
9483
2589
188
9862
2569
5784
7841
1424
9791
4673
6410
8751
3181
7637
8190
1091
8194
3760
6499
3486
4459
63
7755
8273
1901
8581
5346
3648
1056
2516
3427
4971
8326
9068
9088
2303
984
4753
576
7992
7452
7697
5670
5549
1198
9616
4704
3272
3306
7754
3869
7868
6511
8362
4634
8119
9746
5625
216
7050
4389
2628
6681
8265
8987
609
7542
9149
1919
7235
5490
3185
8795
3534
1750
7187
301
3410
3745
9814
4244
3703
8980
4222
7493
4667
3367
1084
6287
2106
606
887
4413
9601
7912
2759
5037
5914
1210
7335
5649
824
320
8164
9134
6225
8252
4195
9718
4943
3415
5276
2319
4491
4898
610
1235
5562
8468
7087
9681
5424
9461
1239
2535
937
8528
2977
4406
4385
1337
6429
7144
2987
7174
6916
1179
1631
9495
6604
6955
3598
1023
8461
4580
5222
6346
6731
7248
1802
183
8126
4237
7640
1343
233
5352
1718
1007
7811
1377
651
9971
8191
9607
7357
7772
3
8226
375
4132
8472
5745
3624
8615
1041
185
9148
5902
8510
8089
3644
9470
2672
3785
6363
5478
9064
4755
4574
7608
102
4486
1593
8078
9008
9964
9169
6757
9887
5283
3772
9229
7147
6239
2928
673
4002
1072
7030
2836
8065
4508
1910
7962
9508
7835
9049
8219
6693
258
3666
969
5925
1952
7205
5436
9264
3671
7614
1489
6383
3768
7575
7150
4560
5465
3188
4676
99
3692
7682
4928
7511
1330
7258
7849
4637
7729
1101
4765
9571
6542
3859
595
169
1694
4036
2543
5757
3443
5546
7756
1579
5615
8757
8729
1713
4038
452
906
1353
2644
387
332
5280
4438
8922
539
2709
4025
1453
9889
5299
8753
8687
3710
5840
9035
585
1323
4228
1296
6575
2062
1752
4708
426
7533
7839
231
8079
3963
1202
2193
1209
3925
164
9228
6531
1266
8378
5325
7702
6442
8864
201
8693
1964
4058
1034
5360
1428
7130
3002
1714
4744
752
3587
5716
2997
1484
2859
2384
998
2848
5815
8
4779
4575
1093
7765
9675
8841
735
2956
196
8697
4443
8246
6986
3250
9189
7834
4185
5163
3490
8160
7315
5823
6635
9475
4718
9922
3905
1766
986
3798
5043
3146
2555
6095
8682
2914
7821
144
3325
2438
5185
8939
9823
5275
100
1037
9564
9959
5351
7796
5886
4141
9352
8261
4510
6730
8923
3219
1168
4211
3972
4897
7401
9903
5330
5777
6521
9424
5743
4841
6123
202
6766
2558
8234
3756
9095
8032
3796
1699
5737
6695
7325
3386
800
967
5805
2222
9988
1720
1172
4482
9434
6581
6391
2265
1148
582
1132
3166
3388
8298
3531
4121
8924
3573
3167
6828
1485
6170
2774
8287
8886
9928
9389
1154
3128
9555
4338
3992
4266
2360
1703
9428
6333
9961
2364
2920
5830
6532
1545
5976
5161
372
7012
9759
2099
8636
4383
5711
9336
6124
5953
3452
4423
3071
4772
6544
4083
5036
954
1028
5252
1500
3207
5979
4595
3673
7753
490
7224
2071
9431
4435
4923
7797
4436
4944
6257
4933
3366
5677
652
9323
9960
3102
8884
5835
6862
7269
8954
4437
7088
5487
7221
2989
5259
9754
9703
3873
269
6065
7657
878
3015
4980
4161
6584
412
370
4529
7649
2506
8530
2259
5596
5802
6326
8938
241
6496
5579
1187
5538
767
4658
5319
4914
4899
8865
7450
9629
4623
7808
4838
4111
4344
6033
6634
3132
2110
7042
5919
1585
2498
839
8300
9063
7715
3286
4912
6842
3581
9769
9711
4699
3846
8882
7750
1252
5603
1223
9394
9638
4584
1840
6296
8239
3778
6894
1680
9397
519
5749
9967
1318
249
449
9292
1670
2996
3179
2093
2298
159
1241
3326
7447
5741
2837
4268
7328
6688
8814
9314
563
7648
9890
5194
8394
9362
5527
4521
4019
7547
220
7733
1624
6717
2605
2255
8559
3169
9299
1250
7706
6776
4895
2800
463
8007
793
5869
3880
6809
5067
7989
6602
6687
7415
321
6791
4843
6682
7215
587
8818
3816
4745
554
1934
7025
7195
1222
7403
772
1771
2603
9329
4531
5606
5648
243
4778
6284
6115
9326
9076
35
3258
3622
1258
7344
511
8247
9277
2024
1251
8637
9866
6543
3401
5225
4702
775
6166
5399
9817
8014
2390
6748
6539
3681
9990
3405
487
3877
1955
915
1907
2902
9296
8968
3370
2156
8072
3308
3788
8475
6903
5339
3108
8995
2103
3702
7094
1195
3803
7308
5877
6771
4959
9671
2562
2096
366
795
7578
9305
1698
7743
3789
5530
2054
9083
3093
377
6504
2983
3233
5541
5366
7110
4089
6272
6419
6676
1898
4449
1032
8790
7871
5338
7692
8994
6557
5926
9986
6893
9579
6434
9858
7169
6288
6253
7584
3224
1885
1870
3180
598
3336
7071
8704
7980
1957
4091
2937
6929
3677
8028
782
3221
455
346
9726
2041
4606
6301
546
4159
3794
9930
9223
475
8260
6250
9765
4563
7367
1044
7631
2363
1549
9613
1103
3239
1824
6404
6308
2820
1011
2143
1608
354
5763
6669
6979
6129
1114
9597
3046
9996
5298
8529
3853
9062
5817
2597
4280
9608
9240
3309
7233
5638
2450
3588
5529
3920
240
7866
7775
7749
1310
6486
7390
7519
8858
5797
2477
7361
657
6002
4323
1600
49
946
114
6277
7404
8345
3600
6701
2188
831
5314
4106
3930
4281
8539
6852
4903
1494
8170
680
886
1298
6038
9745
9273
662
5172
4511
8292
7182
9378
7204
520
4688
5435
8122
6801
1904
4615
1623
6870
8663
6578
479
3237
9359
8852
2166
5697
6934
157
2391
875
8464
9953
9591
7305
7678
2444
8465
603
4247
9847
9072
4137
3298
2046
1515
7861
2139
6961
9119
2048
8238
3902
5216
2559
5082
3050
3646
6232
9011
4731
8179
4432
9496
6746
2043
4181
1116
1384
2121
156
9440
5561
5271
9380
2971
1842
1423
1042
424
5100
1647
6512
7864
2866
8106
6072
6938
6960
4356
586
3276
7888
7043
4254
8288
1950
4130
7474
2501
7193
4320
9048
1138
1242
2331
7857
1379
3160
6289
4008
590
4353
7180
6800
3562
2313
3466
1013
5232
2333
8659
1295
5342
3823
6685
4075
7810
398
2834
8527
6156
4336
1972
7616
2784
3914
6011
9094
5892
1001
1735
7295
6872
2474
836
9410
2641
3720
7238
6642
1721
8022
3762
718
2409
6790
1156
8953
3247
4854
4922
9131
1642
2760
3350
9569
1416
8587
9281
8561
5332
9641
8216
9198
4771
1613
3900
5977
9659
4499
7805
3000
9585
5054
2394
6160
4528
9865
4133
3547
2049
2744
9731
8283
9609
1468
694
5290
4451
1650
7858
2754
3249
2895
8803
3119
8466
5733
7701
7438
9852
3881
2162
8150
2839
8823
2015
4201
2970
7145
6697
9550
230
4608
4551
7933
8936
7101
7806
1966
8316
2355
762
6255
6630
9437
8714
4547
78
4953
4127
2174
4364
2545
8557
8193
4840
3465
7665
5212
5849
734
2985
8187
5279
8108
1371
460
7994
9438
6246
8307
5755
5619
2524
5263
256
6845
8481
2808
3561
5975
3090
4984
8986
637
9744
7118
6056
7607
8656
142
3268
7711
5179
1625
140
5455
2671
9915
4507
8853
8223
253
4557
715
4390
648
3025
6661
4998
7550
7132
4858
206
3988
6855
8324
1737
6981
4516
1530
5441
5466
2178
4093
5845
7782
3393
5412
7689
1010
6055
7536
8596
859
1889
8501
9749
6021
5854
2488
5660
618
4444
2157
632
3575
964
8098
8129
3126
2707
4565
7214
8688
2664
7844
7414
8365
4350
339
5962
2796